DIAGNOSTICOS_LLM	DIAGNOSTICOS_NER
*Hipertensão arterial sistêmica *Doença arterial obstrutiva periférica *Diabetes mellitus *Insuficiência cardíaca perfil B *Infecção de ferida operatória *Ateromatose coronariana *Derrame pleural bilateral moderado *Atelectasia pulmonar passiva *Dislipidemia	*HAS *amputado MID (transtibial) *DAOP *DM *amputação transtibila em MID *DESCONFORTO RESPIRATÓRIO - SECUNDÁRIO A IC PERFIL B. ? *IC PERFIL B *amputação transtibial em MID *Infecção da ferida operatória *IC Perfil *IC *Ateromatose em coronárias *IC Perfil B *Moderado derrame pleural bilateral com atelectasia passiva do parênquima pulmonar adjacente *DLP
*Osteomielite de fêmur *Infecção de sítio cirúrgico da prótese de fêmur esquerdo *Doença de Alzheimer *Carcinoma de face *Dislipidemia	*Osteomielite NE *Alzheimer Carcinoma de face *CLIQUE *Infecção de sítio cirurgico *DLP *DMansine *PRÓTESE FEMORAL ESQUERDA. *Infecção de sítio cirurgico - Prótese de *Carcinoma de face *ALZHEIMER *Osteomielite NE 16/10/23 M86 *INFECÇÃO DE SITIO CIRURGICO - FRATURA COLO FEMUR ESQUERDO *OSTEOMIELITE *Alzheimer *Osteomielite NE. *Infecção de sítio cirurgico - Prótese de Fêmur Esquerdo. *Osteomielite *Infecção de sítio cirurgico - Prótese de Fêmur Esquerdo *OSTEOMIELITE DE FEMUR E SITIO CIRURGICO INFECTADO REABORDAGEM *INFECÇÃO DE FERIDA OPERATÓRIA - FÊMUR ESQUERDO.
*Transtorno conversivo *Bloqueio atrioventricular de primeiro grau *Choque séptico de foco pulmonar *Doença renal crônica estágio G3 por depósitos de IgA, agudizada por lesão renal aguda KDIGO 3 secundária à sepse *Espondilose dorsolombar *Diabetes mellitus tipo 2 *Coxartrose bilateral *Ateromatose difusa, inclusive carotídea e coronariana *Angiodisplasia colônica com sangramento recente no cólon transverso *Anemia macrocítica *Epilepsia após meningite prévia *Gastrite *Delirium hiperativo *Doença diverticular não complicada do cólon direito *Síndrome demencial de início precoce, possivelmente frontotemporal *Cistos renais simples bilaterais *Hipertensão arterial sistêmica *Disfagia orofaríngea *Insuficiência cardíaca compensada	*Transtorno conversivo. *19 *Calcificações parietais nas artérias carótidas internas intracranianas *Bloqueio A-V de 1º grau. *Sepse de foco a esclarecer (Pulmão. *Piora da alteração de *DRC *R53 - *IRA KDIGO 3 *Espondilose dorsal. *DM *Sinais de ateromatose carotídea *Choque Septico de Foco pulmonar (em reversao *Função renal *Sepse foco pulmonar em 01/ *06/11/19 - DIABETES MELLITUS NAO ESPECIFICADO *IRA KDIGO 3 por sepse. *Espondilose dorsolombar e sinais de coxoartrose bilateral. *DOENÇA RENAL CRÔNICA ESTÁGIO G3 *MAL *sem alteração contrátil segmentar em *Malformações vasculares em todo o cólon *Bloqueio A-V de 1º grau *ANEMIA MACROCÍTICA *epilepsia ircagudizada em reversão has gastrite *MAL ESTAR *Angiodisplasia *DRC agudizada KDIGO 3 (Cr basal 2) *DM. *Choque septico de foco pulmonar. *Bexiga *Doença renal crônica estágio G3 *angiodisplasia de colon. *anemia, epilepsia *Tiróide *Anemia cronica da doença renal *EPILEPSIA *Opacidades *Choque septico de foco pulmonar Lra Kdigo 3 - Início de Tsr em 01/10 Delirium hiperativo Melena em 09/10 *Piora da alteração de fala + dificuldade *DM tipo 2 *Sepse de foco a esclarecer *Sepse foco pulmonar *HIPÓTESES DIAGNÓSTICAS *Transição crânio-cervical com aspecto usual *Delirium hiperativo *01/10/2023 - Nova sepse de foco pulmonar. *ora *Sepse foco pulmonar Lra Kdigo 3 *Doença diverticular não complicada do cólon direito. *Epilepsia, Meningite prévia *Choque Septico de Foco pulmonar *Espondilose *IRC agudizada *DRC. *Ateromatose difusa, inclusive coronariana *Cistos simples bilaterais *Miocárdio *CHOQUE SEPTICO DE FOCO PULMONAR 30/ *Suspeito de quadro demencial com inicio precoce (frontotemporal *Transtorno conversivo *DIÁLISE *Espondilose dorsolombar e sinais de coxoartrose bilateral *CHOQUE SEPTICO DEFOCO PULMONAR 30/ *Piora da alteração de fala + dificuldade de deambular + *Doença Renal Crônica por depósitos de IgA *IRA KDIGO 3 POR SEPSE *Divertículos de cólon direito. *Sepse foco a/e 30/09 *sindrome demencial *DRC AGUDIZADO *Anemia cronica *Meningite há 20 anos *TCE 18/09, QUEDA PRÓPRIA *DESLIGADA *HDB *EPILEPSIA, MENINGITE PRÉVIA *sepse pulmonar *Calcificações *HAS *Choque Septico de Foco pulmonar Lra Kdigo 3 *DISFAGIA OROFARÍNGEA *Anemia crônica. *Choque septico de foco pulmonar *Alteração volumétrica *Tiróide heterogênea *Alteração do relaxamento ventricular *Cistos simples bilaterais. *Queda de própria altura *SEC A DRC *Piora da alteração de fala + dificuldade de deambular *Angiorressonância arterial sem alterações relevantes *LIQUEMINE *DRC agudizada KDIGO 3 (Cr basal 2 *Choque septico de foco pulmonar Lra Kdigo 3 - Início de Tsr em 01/10 *R53 - MAL ESTAR *DM2 *DMansine *Sinais de ateromatose carotídea. *Aumento discreto do átrio esquerdo *ora da alteração de fala + dificuldade de deambular *Choque Septico de Foco pulmonar (em reversao) *diverticulos de colon D + angiodisplasias de colon E *Piora da alteração de fala *Anemia crônica *anemia *Angiodisplasia de colon *epilepsia *Angiodiplasia de colon *Ateromatose difusa *Epilepsia após meningite *Angiodisplasias dos cólons *01/10/2023 - Lra Kdigo 3 - Início de Tsr . *Mal-estar inespecífico *Delirium hiperativo. *Sinais de microangiopatia / gliose *Choque septico de foco pulmonar 01/10/2023 - Lra Kdigo 3 *Malformação vascular com sinais de sangramento recente em cólon transverso *IC COMPENSADA *CHOQUE SEPTICO DEFOCO PULMONAR *MAL ESTAR, FADIGA *ANEMIA MACROCÍTICA (B12 *Espondilose dorsal *06 *TIE *Dm tipo II *Epilepsia *Suspeito de quadro demencial com inicio precoce ( *hematomas e mmss
*NASOFARINGITE AGUDA [RESFRIADO COMUM] *PNEUMONIA BACTERIANA NÃO CLASSIFICADA EM OUTRA PARTE *BRONCOPNEUMONIA ASPIRATIVA *DOENÇA DE PARKINSON AVANÇADA *DERRAME PLEURAL EXSUDATIVO *TROMBOSE VENOSA PROFUNDA EM MEMBRO INFERIOR DIREITO *TROMBOEMBOLISMO PULMONAR COM INFARTO PULMONAR *DISFAGIA OROFARÍNGEA *DERMATITE EM MEMBRO SUPERIOR ESQUERDO *CISTOS RENAIS BOSNIAK 1 E 2 *ESPONDILOSE TORÁCICA *ADENOMA DA ADRENAL ESQUERDA *ATEROMATOSE DA AORTA TORÁCICA E DOS TRONCOS SUPRA-AÓRTICOS	*NASOFARINGITE AGUDA *PNEUMONIA BACTERIANA NAO CLASSIFICADA EM OUTRA PARTE *Us torácico extracardíaco *Dermatite MSE *D. Parkinson. *Pequeno derrame pleural à direita *NEUMONIA BACTERIANA NAO CLASSIFICADA EM OUTRA PARTE TVP,TEP DERRAME PLEURAL- > 10/10 *DISFAGIA OROFARÍNGEA *Derrame pleural *PNEUMONIA BACTERIANA NAO CLASSIFICADA EM OUTRA PARTE. *PAC *Mínimo derrame pleural laminar à esquerda *PNM BACTERIANA + TEP + TVP MID *BCP aspirativa *PNEUMONIA BACTERIANA NAO CLASSIFICADA EM OUTRA PARTE . *PNEUMONIA BACTERIANA *PNEUMONIA BACTERIANA NAO CLASSIFICADA EM OUTRA *10/10 TEP + TVP MID *TVP MID. *Cistos renais *TVP,TEP *Espondilose torácica. *DP com exsudato + TVP + TEP *Dermatite MSE 10/ *Infecção pulmonar *Cistos renais Bosniak 1 e 2 *parkinson *PNM bacteriana *Mínimo derrame pleural laminar à esquerda. *DEFORMIDADE COTOVELO *D. Parkinson *Infecção pulmonar – TEP c/ infarto pulm + infecção 2a. *PNEUMONIA BACTERIANA NAO *Toracocentese *NASOFARINGITE AGUDA [RESFRIADO COMUM] *Alterações degenerativas na coluna estudada. *Pneumonia. *Toracocentese à D - 600 ml *Adenoma na adrenal esquerda *PNM *PNEUMONIA BACTERIANA NAO CLASSIFICADA EM OUTRA PARTE TVP,TEP DERRAME PLEURAL *Cistos renais Bosniak 1 e 2. *NASOFARINGITE AGUDA [RESFRIADO COMUM *D. Parkinson avançado *Broncopneumonia *Ateromatose na aorta torácica e nos troncos supra-aórticos *PAC PORT IV
TEP agudo submaciço segmentar bilateral recorrente * Obesidade grau III * Asma grave * Bronquite crônica * Anemia ferropriva secundária à menometrorragia * Miomatose uterina * Insuficiência cardíaca * Hipertensão arterial sistêmica	TEP - 3x: 02 episódios em Anticoagulação 2022 + março/2023 *TEP agudo - PESI I *ASMA. *BRONQUITE. *TEP *03/2021 *TEP Submaciço: Segmentar Bilateral - 02/10 - PESI 95 Classe III: Intermediário *OBESIDADE *Obesidade Grau III *TEP segmentar bilateral *EMBOLIA PULMONAR *TEP Submaciço: Segmentar Bilateral - 02/10 - PESI 95 Classe III: Intermediário - Bova 5 Classe III: Alto Risco *TEP Agudo *Anemia ferropriva secundaria a menometrorragia . *TEP Submaciço: Segmentar Bilateral *TEP agudo *Sindrome astenica ae *OBESIDADE + BRONQUITE CRONICA *Asma *1999 por *Anemia ferropriva secundaria a menometrorragia . *TEP agudo - PESI *Miomatose *TEP Submaciço: Segmentar Bilateral - 02/10 - PESI 95 Classe III: Intermediário - Bova 5 Classe III: Alto *TEP Submaciço: Segmentar Bilateral - 02 *TEP março e julho/2023 *OBESIDADE. *ASMA BRONQUITE *obesidade e asma *Asma Grave *IC *PCR 1999 por Hipóxia *TEP Submaciço: Segmentar Bilateral - 02/10 - PESI 95 Classe III: Intermediário - *HAS *Alterações degenerativas incipientes na coluna estudada *Obesidade. *TEP Submaciço: Segmentar Bilateral - 02/10 *ASMA *Anemia. *TEP Submaciço: Segmentar Bilateral - 02/10 - PESI 95 Classe III: Intermediário - Bova 5 Classe III: *Anemia ferropriva secundaria a menometrorragia *obesidade *TEP Submaciço: Segmentar Bilateral -
Epilepsia focal secundária a AVCs prévios*Pneumonia comunitária*Disfagia orofaríngea*Hipertensão arterial sistêmica*Infecção urinária comunitária	Primeira Crise epiléptica a/e Pneumonia Comunitária *CRISE CONVULSIVA *Evidência de lesão em lábio e mordedura na região lateral E da língua. *Crise epiléptica em 09/10 - provável epilepsia focal secundária *DISFAGIA OROFARÍNGEA *Has *Crise epiléptica em 09/10 - provável epilepsia focal secundária a Avcs prévios *Crise epiléptica em 09/10 - provável epilepsia focal secundária a Avcs prévios Pneumonia Comunitária *Primeira Crise epiléptica a/e Pneumonia + *Crise epiléptica em 09/10 *1ª crise epiléptica *Primeira Crise epiléptica a/e Pneumonia comunitária *Primeira Crise epiléptica *CRISE EPILÉPTICA *HAS *Crise epiléptica em 09/ *Dupla hemiparesia (grau IV D e III a E) *Crise epiléptica a/e *Ataxia marcha *Pneumonia comunitária *Crise epiléptica em 09/10 - provável *Pneumonia Comunitária *EPILEPSIA *Transtornos *CATETERISMO DE ALIVIO PARA *Pneumonia + Itu comunitária *Primeira Crise epiléptica a/e
Insuficiência mitral * Fibrilação atrial permanente com alta resposta ventricular * Ateromatose incipiente * Insuficiência cardíaca congestiva descompensada, perfil B * Alterações degenerativas da coluna vertebral * Acidente vascular cerebral hemorrágico * Varizes calibrosas * Hipertensão arterial sistêmica * Disfunção renal aguda * Miocardiopatia * Osteoporose * Trombose venosa profunda em membro inferior esquerdo * Pneumonia	Dispnéia leve *Insuf mitral *FA com ARV *Fibrilação atrial crônica Insuf mitral *Ateromatose incipiente *IC perfil *Fibrilação atrial permanente Insuf mitral *Artrose AVCH HÁ 5 ANOS *IC PERFIL B *Varizes calibrosas *HAS *IC perfil B *Artrose. *Disfunção renal aguda *MCP *Osteoporose . *Alterações degenerativas da coluna vertebral *TVP em MIE RAM *Insuf cardiaca congestiva *Pneumonia *Descongestão. *IC descompensada perfil B. ? *Bundle *TVP em MIE . *Artrose *Fibrilação atrial crônica *IC *has *Fibrilação atrial permanente *TVP em MIE .
Hiponatremia *Depressão *Insuficiência cardíaca com fração de ejeção preservada, perfil B *Insuficiência cardíaca direita *Asma *Infecção do trato urinário *Dislipidemia *Hipertensão arterial sistêmica *Hipertensão pulmonar	Contratilidade miocárdica preservada *Hiponatremia *DEPRESSÃO *IC FEp. *IC PERFIL B IC FEp *ASMA . *ITU *INSUFICIENCIA CARDIACA *ICFEp PERFIL B *Afirma *IC DIREITA. *IC PERFIL B *DLP *IC FEp PERFIL B *ASMA . *HAS *IC PERFIL B. ? *Disfunção diastólica do ventrículo esquerdo de grau II. *Presença de hipertensão pulmonar (PSAP= 44 mmHg, estimada pelo refluxo tricuspídeo
Desnutrição * Carcinoma seroso de alto grau do peritônio pT3b, Ki-67 80%, com carcinomatose peritoneal * Obstrução intestinal pós-operatória por aderência * Infecção do trato urinário	Desnutrido *Carcinoma peritoneal seroso de alto grau ki-67 80% *Carcinoma seroso de alto grau pT3b *Cirurgia *Carcinoma seroso de alto grau 1º de peritonio. *Obstrucao intestinal pos-operatoria Abdome agudo obstrutivo (aderência. *ITU. *Tabagismo *Obstrucao intestinal pos-operatoria . *Carcinoma seroso de alto grau ki-67 80% *Surpote clinico. *K913 - K91.3 Obstrucao intestinal pos-operatoria *Carcinomatose peritoneal *K91.3 Obstrucao intestinal pos-operatoria *CA PERITONEO *carcinoma seroso de alto grau pT3b *abdome agudo obstrutivo (aderência. *Abdome agudo obstrutivo (aderência. *Obstrucao intestinal pos-operatoria - Abdome agudo obstrutivo (aderência. *Obstrucao intestinal pos-operatoria *carcinoma seroso de alto grau ki-67 80% *carcinomatose peritoneal *Carcinomatose peritoneal - Diagnosticada em 2021
*Hipertensão arterial sistêmica *Hérnia gástrica hiatal *TINOCA *DPOC exacerbada *Pneumonia não especificada *Sepse *Injúria miocárdica inflamatória *Ateromatose aórtica e coronariana *Síndrome gripal *Espondilose dorsal *Insuficiência cardíaca com fração de ejeção preservada *Dislipidemia	*HAS . *Pequena hérnia gástrica-hiatal. *HAS. *Cardiopatia *TINOCA - *DPOC PNM *TINOCA *Sepse - DPOC Exacerbado *Injuria miocardica aguda *Cardiopatia . *DPOC *Ateromatose aórtica e coronariana *TINOCA - Injúria Miocárdica Inflamatória *Sd gripal - quadriplex negativo *Espondilose dorsal. *gripal *Transtornos *ICFEP . *Pneumonia NE . *Pneumonia NE DPOC exacerbado *DLP *sindrome gripal há 1 semana *TRANSFERENCIA PARA SEMI . *Ateromatose aórtica e coronariana. *Injuria miocardica *Pneumonia NE *Injúria Miocárdica Inflamatória *DPOC . *Sd gripal *PNM/ *ICFEP *Espondilose dorsal *HAS *Cardiopatia. *DPOC exacerbado *Pneumonia NE . *BRONCOESPASMO GRAVE NA MADRUGADA
Anemia falciforme com crise álgica * Abstinência de opioides * Hipertensão arterial sistêmica * Transtorno de adaptação	*Hemoglobinopatia *Anemia falciforme *Hemoglobinopatia SS . *anemia falciforme *Abstinência de opioides *Anemia Falciforme Crise Algica *Dor *Anemia *Hemoglobinopatia SS *D570 *ANEMIA FALCIFORME ANEMIA FALCIFORME *Anemia Falciforme *Anemia Falciforme. *HAS *Anemia falciforme c/crise *uptodade 29 *ANEMIA FALCIFORME *SDem evacuação *Transtornos de Adaptação *Hydrea 1 *Anemia Falciforme .
*Hérnia inguinal *Doença renal crônica agudizada por lesão renal aguda KDIGO III pós-renal secundária a ureterolitíase obstrutiva esquerda com ureterohidronefrose em rim único funcional *Nefrite intersticial medicamentosa *Rim direito atrófico *Cistos corticais renais simples *Hérnia de hiato *Gastrite *Adenocarcinoma de próstata Gleason 8 metastático com acometimento ósseo *Hipertensão arterial sistêmica *Infecção do trato urinário	*hernia inguinal. *hernia inguinal *INSUFICIENCIA RENAL AGUDA *Lra Kdigo III - Pós Renal por Ureterolitiase + Ureterohidronefrose a Esquerda. *DMansine *Lra Kdigo III. *IRC *Compensação clínica. *CÁLCULO URINÁRIO OBSTRUTIVO ESQ, RIM *Nefrite intersticial por medicação *IRA KDIGO 3 *Hérnia de Hiato *Gastrite. *Uretrolitiase obstrutiva esquerda *DRC agudizada *CA PRÓSTATA *Cistos corticais simples *Adenocarcinoma de prostata Gleason 8, metasático com acometimento osseo. *nefrolitiase *CÁLCULO URINÁRIO OBSTRUTIVO, RIM ÚNICO FUNCIONAL *DOR ABDOMINAL E PELVICA *hematúria *IRA *IRA pós renal. *ANESTESIA *Lra Kdigo III *HIPÓTESES DIAGNÓSTICAS *NEOPLASIA MALIGNA DA PROSTATA *IRC AGUDIZADA *Ca próstata com Mtx óssea *CÁLCULO *IRA KDIGO *HAS *IRA pós renal -> Cálculo em ureter a E *Cistos *Rim atrófico a D *CÁLCULO URINÁRIO OBSTRUTIVO, RIM ÚNICO FUNCIONAL. *CA próstata *ITU *Adenocarcinoma de prostata Gleason 8, metasático com acometimento osseo
*Neoplasia de papila duodenal *Sepse de foco urinário *Adenocarcinoma de pâncreas metastático *Adenocarcinoma endometrioide *Artrite *Hipertensão arterial sistêmica *Doença de Parkinson *Diabetes mellitus *Ateromatose aortoilíaca	*Neoplasia de papila duodenal. *sintoamticos *urinária *Infecção urinária : sim *TRANSFERENCIA PARA SEMI . *pélvicos *ITU *05/10/23 C25 - NEOPLASIA MALIGNA DO PANCREAS *Artrite *HAS *Neoplasia maligna do corpo do útero. *Transfusão de CH hoje. *adenocarcinoma de pâncreas metastático *Neoplasia de papila duodenal *Sepse de foco urinário *C25 *CA de pâncreas avançado, em tratamento paliativo *adenocarcinoma endometrioide . *Sepse de foco urinario *Parkinson *Adenocarcinoma ductal cabeça de pancreas *DM *Ateromatose aorotilíaca *NEOPLASIA MALIGNA DO PANCREAS *constipação *Sepse de foco urinário. *05/10/23 C25 *Sepse de foco urinario tratada
*Doença renal crônica estágio G5D dialítica de etiologia diabética e hipertensiva *Insuficiência cardíaca com fração de ejeção reduzida *Dislipidemia *Diabetes mellitus tipo 2 *Artropatia de Charcot bilateral nos pés *Transtorno de adaptação *Osteomielite crônica do pé esquerdo por Staphylococcus aureus *Choque circulatório associado à hemorragia digestiva *Pé diabético com úlcera extensa e infecção de pele e partes moles complicada por osteomielite *Depressão *Neuropatia diabética periférica com crise álgica *Anemia sintomática *Disfagia orofaríngea neurogênica moderada *Infecção do trato urinário *Obesidade grau 2 *Púrpura retiforme em membros superiores e inferiores *Nefrolitíase *Hipertensão arterial sistêmica *Doença arterial coronariana com infarto agudo do miocárdio prévio *Pangastrite enantemática erosiva *Linfedema secundário a erisipelas de repetição *Erisipela crônica recorrente *Sepse de foco cutâneo ou pulmonar *Acidente vascular cerebral prévio *Esofagite distal erosiva grau A de Los Angeles *Encefalopatia tóxico-metabólica *Retinopatia diabética *Bulboduodenite erosiva *Colelitíase *Hipotireoidismo *Tromboembolismo venoso *Artrose *Ateromatose aortoilíaca e de ramos viscerais *Hipercalemia grave *Sinovite *Linfangite crônica com dermatite ocre *Infecção primária da corrente sanguínea *Farmacodermia *Insuficiência venosa periférica crônica *Lipomatose retroperitoneal	*IRCD *ICFER *Dislipidemia. *DM. *Artropatia de Charcot em MIE . *Transtornos de Adaptação. *Osteomielite crônica Choque Circulatório - Cor Anêmico - Hemorragia Digestiva *Osteomielite crônica *Pé Diabético: Infecção de Pele e Partes Moles Complicada por Osteomielite em Investigação *Depressão *Diabética Periférica *CHOQUE CIRCULATÓRIO *Adrenais: discoide à direita (variante anatômica *Pé diabetico com ulcera extensa MIE *Anemia *DISFAGIA *Adrenal esquerda normal *ITU *Obesidade Grau 2 . *Charcot *Púrpura retiforme em MMSS (E>D) e MMII *Nefrolitíase. *Pé Diabético: *Osteomielite em Investigação *Choque circulatório, Cor anêmico *Osteomielite crônica Choque Circulatório *HAS *Ortostatismo *Osteomielite crônica - S. aureus. *Periférica *DAC: IAM em 2021 ATC c/ 03 Stents *Anemia sintomática *MRC 12 Tosse produtiva deglutida FR *DM2 *OSTEOMIELITE CRÔNICA- S aureus. *ULCERA INFECTADA PRÉ E, *Pangastrite enantemática leve com componente erosivo plano leve no antro. *Dislipidemia *OSTEOMIELITE CRÔNICA- S aureus *Choque Circulatório - Cor Anêmico *IRC *IRC DIALITICO *DRC com osteomielite crônica em pé esquerdo *DM *ANEMIA A/ *Degeneração osteoarticular de Charcot nos Pés Bilateral e Linfedema Secundário à Erisipelas de Repetição. *Linfonodomegalias na raíz da coxa medindo até *Pé Diabético *Púrpura retiforme em *Choque circulatório *DRC ESTÁGIO G5D DESDE 10/2022 *Erisipela *Osteomielite crônica. *DIH 12/09/2023 *Anemia Sintomática *dm *Sepse de foco cutâneo/pulmonar *Choque Circulatório *Pé Diabético: Infecção de Pele *CHOQUE CIRCULATÓRIO, COR ANÊMICO *AVC prévio *Esofagite distal erosiva - Grau A de Los Angeles. *de *DRC dialitico . *ICC *Nefrolitíase *Encefalopatia tóxico-metabólica *Ex-tabagista 20 anos-maço - cessou *DAC: IAM em 2021 *20 anos-maço *ANEMIA *Retinopatia Diabética . *DIALISE DE DEMANDA *Bulboduodenite erosiva leve *Pé de charcot *Nefrolitíase/Colelitiase *Hipotireoidismo *Insuficiência *lesão *Infecção de Pele e Partes *Osteomielite crônica Choque *IRC Dialitico (2², 4² e 6ª) *Encefalopatia tóxico-metabólica 12 *TEV *19/9 Piora infecciosa *Pé *hd atralgia/ artose *14 *Pé Diabético: Infecção de Pele e Partes Moles Complicada *Doença renal crônica dialítica desde outubro/2022 (diabética e hipertensiva *Esplenomegalia homogênea *Infecção de Pele *ABs *Complicações macro *K921 - K92.1 Melena *Ex-tabagista 20 anos-maço *DRC ESTÁGIO G5D OUT 2022 *DAC: IAM *DRC ESTÁGIO G5D DESDE 10 *Choque Circulatório - Cor Anêmico - Hemorragia Digestiva *ANEMIA / QUEDA DE HB *Crise Álgica de Neuropatia Diabética Periférica *Cárdia preservada *14/9 OMC pé E--- *Ateromatose aortoilíaca e de ramos viscerais *fibroelástica *Erisipela cronica *HIPERCALEMIA GRAVE. *Infecção de *Obesidade Grau 2 *Pé Diabético: Infecção de *Lâminas líquidas articulares com sinovite *Artropatia de Charcot em MIE *Linfangite cronica + dermatite ocre *DRC dialitico *Anemia A/ *Osteomielite crônica Choque Circulatório - Cor Anêmico *neuropatia diabetica . *Tosse produtiva deglutida FR *CAM-ICU *Paciente *Anemia NE . *Pé Diabético: Infecção *CHOQUE CIRCULATÓRIO - COR ANÊMICO *DISFAGIA OROFARINGEA NEUROGENICA MODERADA *taquicardia e hipertensão em controles *diabetes tipo 2 clássico há > 20 anos *Artropatia de Charcot em MIE. *Corrente sanguínea primária *Pé Diabético: Infecção de Pele e Partes *Pé diabético *Anemia NE *ENCEFALOPATIA TÓXICO-METABÓLICA *HIPERCALEMIA *Retinopatia diabética. *20 anos-maço - cessou 1997 *Doença renal crônica dialítica desde outubro/2022 (diabética e hipertensiva) > FAV MSE 30 *Disfunção diastólica de grau *K92.1 Melena *OSTEOMIELITE CRÔNICA *FARMACODERMIA *DISFAGIA OROFARÍNGEA *K92.1 Melena ANEMIA *Insuficiência venosa periférica crônica *Pangastrite enantemática *ULCERA INFECTADA PRÉ E, ARTROPATIA CHARCOT. *K921 *has,dlp,dm *DAC *Ex-tabagista 20 anos-maço - cessou 1997 *OSTEOMIELITE CRÔNICA CHOQUE CIRCULATÓRIO *Pé Diabético: Infecção de Pele e Partes Moles *Lipomatose retroperitoneal *Bulboduodenite erosiva leve. *DRC dialítica desde outubro/2022 (diabética e hipertensiva *Osteomielite crônica- recusa abordagem cirurgica . *DM . *artropatia de charcot em *Ex-tabagista 20 anos-maço (cessou há 26 anos *ICFER . *Retinopatia diabética *osteomielite *Retinopatia Diabética *14/9 OMC pé E *Infecção *diabetes tipo 2 clássico *Osteomielite *Neuropatia periférica com crise álgica *DISFAGIA OROFARÍNGEA LEVE *Sepse de foco cutâneo/pulmonar. *Ex-tabagista 20 anos-maço - cessou 1997 . *IAM *DRC estágio G5D out 2022 *Farmacodermia . *Infecção de Pele e Partes Moles Complicada por Osteomielite em Investigação *QUEDA DE HB *Encefalopatia Tóxico-Metabólica *CHOQUE CIRCULATÓRIO - COR ANÊMICO - HEMORRAGIA DIGESTIVA *Osteomielite crônica - S. aureus *DRC Dialítica desde outubro/2022
*Hipertensão arterial sistêmica *Varizes de membro inferior direito com úlcera venosa e inflamação *Dermatite ocre *Tromboembolismo pulmonar *Tabagismo	*HAS *Varizes membros infer c/ulcera e inflam *Dermatite Ocre + cicatriz relacionado a tratramento *TEP *DMansine *Tabagismo *has *Lesão por adesivo *Doença ulcera periférica *has. *DERMATITE OCRE. *Dispensação *CFelipe *ÚLCERA VENOSA EM MEMBRO INFERIOR DIREITO.
*Anemia crônica *Doença renal crônica estágio G3 *Diabetes mellitus tipo 2 *Pielonefrite complicada com abscesso renal à direita e hidronefrose *Lesão renal aguda *Obesidade *Ureterolitíase *Diabetes mellitus gestacional	*ANEMIA CRÔNICA *DRC ESTÁGIO G3 *Anemia *DM tipo 2 *Pielonefrite complicada *PIELONEFRITE COMPLICADA, ABCESSO RENAL D *LRA *Dm *Pielonefrite complicada com abcesso . *Anemia grave. *Bexiga *Pielonefrite complicada - Abcesso renal a direita *DM TIPO 2 *Pielonefrite complicada - abscesso renal a direita. *ANEMIA GRAVE *PIELONEFRITE COMPLICADA COM ABCESSO RENAL D E HIDRONEFROSE. *CFelipe *OBESIDADE . *ANEMIA *DM2 *Ureterolitiase *DM . *Infecc do trato urinario de localiz NE . *DMG *DRC estágio G3 *Pielonefrite complicada - abscesso renal a direita + hidronefrose *PIELONEFRITE COM ABSCESSO *DM *LESÕES DE PELE *Pielonefrite complicada - abscesso renal a direita *Infecc do trato urinario de localiz NE *DRC *Anemia em investigação *OBESIDADE.
*Tromboembolismo pulmonar *Broncopneumonia bacteriana nosocomial complicada com derrame pleural e empiema pleural à esquerda *Diabetes mellitus tipo 2 insulinodependente e mal controlado *Infecção associada a PICC *Fístula gástrica salivar *Hiponatremia *Cistos corticais renais bilaterais *Lesão renal aguda revertida *Obesidade *Hemorroidas *Hipertensão arterial sistêmica *Constipação *Taquicardia sinusal	*TEP. *pneumonia *Broncopneumonia bacteriana com Empiema *Derrame pleural de contiguidade de coleção periesplenica *3 *Broncopneumonia bacteriana com Empiema *PNEUMONIA BACTERIANA NAO CLASSIFICADA EM *PNEUMONIA BACTERIANA. *Pneumonia Bacteriana *TEP *Pneumonia complicada com derrame pleural- EMPIEMA PLEURAL À ESQ *DM2 *22/09 Broncopneumonia bacteriana *POT gastroplastia redutora *PNEUMONIA BACTERIANA *TRASFERENCIA *EMPIEMA PLEURAL Á ESQ *REABILITAÇÃO *Pneumonia complicada *CA ( *Derrame pleural à esquerda *CA *27/8 Recidiva da febre - infecção PICC *DM . *Fistula gástrica salivar (Teste azul de metileno +: saída pelo dreno epigástrico) *Empiema *MPBarbosa *Fistula gástrica salivar *CA (Pai) *Fistula gástrica salivar (Teste azul de metileno +: saída pelo dreno epigástrico *PNEUMONIA BACTERIANA NAO CLASSIFICADA EM OUTRA PARTE *23/9 Toracocentese. *pneumonia complicada *Hiponatremia - DM mal controlado *DM *Cistos corticais bilaterais, com até 2,5 cm *Cistos corticais bilaterais, com até 2,5 cm. *LRA *DM insulino dependente *DECORTICAÇÃO PULMONAR *CA (Pai *TRANSFERENCIA PARA SEMI *PNM nosocomial complicando com derrame pleural. *EMPIEMA PLEURAL *DM2 insulino dependente *CFelipe *Pneumonia Bacteriana -Empiema. *PNEUMONIA BACTERIANA NAO CLASSIFICADA EM OUTRA PARTE PACIENTE *Obesidade *Recidiva da febre - infecção PICC *03 *Dor osteomuscular *I84 - HEMORROIDAS *ADA LIQ PLEURAL 259 MYCOBACTERIUM TB NÃO DETECTADO *Fistula gástrica salivar 19/ *Derrame pleural pequeno *Pneumonia complicada com derrame pleural. *HAS *Obesidade. *constipação *23 *Estratificação de risco secundário *27/08 Recidiva da febre - infecção PICC *PNEUMONIA BACTERIANA EMPIEMA. *TAQUICARDIA SINUSAL *PNEUMONIA BACTERIANA NAO *Outr pneumonias bacter *LRA Revertida *Relação VD / VE preservada *PNEUMONIA BACTERIANA NAO CLASSIFICADA
